Position: 0.7018018028517332 0.7805872123153677 -3.4176688213805733
Rotation: -0.09420377848180728 -12.812691815663129 0.0
Max_FPS: 240
FOV: 100.0
Exposure: 20.100039
Gamma: 0.50000006
Do_SSAO: true
SSAO_Radius: 0.6
SSAO_Bias: 0.001
Bloom_radius: 1.0
Bloom_intensity: 10.0
Bloom_threshold: 0.5
Cap_FPS: false
