Position: 8.897810622783936 2.3119551688805586 1.161456066758518
Rotation: -0.05920374480518298 -177.35999728366733 0.0
Max_FPS: 240
FOV: 102.002594
Exposure: 9.855967
Gamma: 0.242684
Do_SSAO: true
SSAO_Radius: 1.6171312
SSAO_Bias: 0.0
Bloom_radius: 0.0
Bloom_intensity: 0.7524386
Bloom_threshold: 0.0
Cap_FPS: false
Borderless_fullscreen: true
