Position: 12.832999122948223 1.6307679066676428 0.8634818919651295
Rotation: -0.1292037856157382 -208.76976734073833 0.0
Max_FPS: 240
FOV: 100.0
Exposure: 6.699996
Gamma: 0.39999998
Do_SSAO: true
SSAO_Radius: 0.6
SSAO_Bias: 0.001
Bloom_radius: 1.0
Bloom_intensity: 10.0
Bloom_threshold: 0.5
Cap_FPS: false
Borderless_fullscreen: true
