Position: 7.969997464343379 1.9590877814125633 0.3733888345392913
Rotation: -0.15920373977604108 -221.4050002186559 0.0
Max_FPS: 240
FOV: 102.002594
Exposure: 24.144947
Gamma: 0.59990853
Do_SSAO: true
SSAO_Radius: 1.3313518
SSAO_Bias: 0.0
Bloom_radius: 0.0
Bloom_intensity: 0.7643461
Bloom_threshold: 0.7847508
Cap_FPS: false
Borderless_fullscreen: true
