Position: 9.150330084745093 2.3271194627750447 -0.5950539553326237
Rotation: -0.04920381208392577 -221.2997684101574 0.0
Max_FPS: 240
FOV: 100.03074
Exposure: 5.257201
Gamma: 0.43844303
Do_SSAO: true
SSAO_Radius: 1.3837447
SSAO_Bias: 0.0013460217
Bloom_radius: 1.0
Bloom_intensity: 10.0
Bloom_threshold: 0.5
Cap_FPS: false
Borderless_fullscreen: true
