Position: 8.761369231116419 3.170916336800474 -0.33656533228966623
Rotation: 0.18920377961802082 -133.3399944412522 0.0
Max_FPS: 240
FOV: 102.002594
Exposure: 9.855967
Gamma: 0.242684
Do_SSAO: true
SSAO_Radius: 0.99794215
SSAO_Bias: 0.0
Bloom_radius: 0.0
Bloom_intensity: 0.5833523
Bloom_threshold: 0.0
Cap_FPS: false
Borderless_fullscreen: true
