Position: 8.896395517486582 2.7374602655190756 2.736504079886508
Rotation: 0.11079623602819844 -208.9847673564218 0.0
Max_FPS: 240
FOV: 100.0
Exposure: 6.7146773
Gamma: 0.35270917
Do_SSAO: true
SSAO_Radius: 0.6
SSAO_Bias: 0.001
Bloom_radius: 1.0
Bloom_intensity: 10.0
Bloom_threshold: 0.5
Cap_FPS: false
Borderless_fullscreen: true
