Position: -0.47966482922666387 1.6518029641947578 -0.801925167747072
Rotation: 0.2407962629247944 -24.666662125848234 0.0
Max_FPS: 240
FOV: 101.18814
Exposure: 6.790981
Gamma: 0.15266345
Do_SSAO: true
SSAO_Radius: 0.16918126
SSAO_Bias: 0.0
Bloom_radius: 0.0
Bloom_intensity: 0.269233
Bloom_threshold: 0.0
Cap_FPS: true
Borderless_fullscreen: true
Do_Shadows: true
Do_Bloom: true
Do_SSR: false
