Position: 10.248456893332104 2.097136006668734 0.875423362498168
Rotation: -0.02420380100118713 -196.20995766064152 0.0
Max_FPS: 240
FOV: 100.28794
Exposure: 6.498056
Gamma: 0.26173598
Do_SSAO: true
SSAO_Radius: 0.56927276
SSAO_Bias: 0.0
Bloom_radius: 0.0
Bloom_intensity: 0.36187315
Bloom_threshold: 0.0
Cap_FPS: true
Borderless_fullscreen: true
