Position: 11.002041758844626 2.8075581340026474 -0.4987916377925288
Rotation: 0.07579624705505772 -221.27500018430874 0.0
Max_FPS: 240
FOV: 100.03074
Exposure: 3.0709875
Gamma: 0.7899519
Do_SSAO: false
SSAO_Radius: 0.05486963
SSAO_Bias: 0.0
Bloom_radius: 0.0
Bloom_intensity: 0.5
Bloom_threshold: 0.52040464
Cap_FPS: false
Borderless_fullscreen: true
