Position: 12.945338165450067 3.7114459901358714 1.7022337639406757
Rotation: 0.09005176409589843 -196.29216455621645 0.0
Max_FPS: 240
FOV: 100.0
Exposure: 6.0999966
Gamma: 0.39999998
Do_SSAO: true
SSAO_Radius: 0.6
SSAO_Bias: 0.001
Bloom_radius: 1.0
Bloom_intensity: 10.0
Bloom_threshold: 0.5
Cap_FPS: false
Borderless_fullscreen: true
