Position: 12.007785933402175 2.35907580203002 1.2194238936951294
Rotation: -0.0492038037020226 -208.77476743608713 0.0
Max_FPS: 240
FOV: 100.0
Exposure: 6.699996
Gamma: 0.39999998
Do_SSAO: true
SSAO_Radius: 0.6
SSAO_Bias: 0.001
Bloom_radius: 1.0
Bloom_intensity: 10.0
Bloom_threshold: 0.5
Cap_FPS: false
Borderless_fullscreen: true
