Position: -0.7397847319764139 0.14823892817457818 9.72263601457751
Rotation: 0.42920379381137685 -194.94573691347614 0.0
Max_FPS: 240
FOV: 100.0
Exposure: 20.100039
Gamma: 0.50000006
Do_SSAO: true
SSAO_Radius: 0.6
SSAO_Bias: 0.001
Bloom_radius: 1.0
Bloom_intensity: 10.0
Bloom_threshold: 0.5
Cap_FPS: false
