Position: 0.7256185216017172 2.5948703450621906 -3.2585455627039437
Rotation: 0.39579623897117777 -50.67666393285617 0.0
Max_FPS: 240
FOV: 101.18814
Exposure: 6.790981
Gamma: 0.15266345
Do_SSAO: true
SSAO_Radius: 0.16918126
SSAO_Bias: 0.0
Bloom_radius: 0.0
Bloom_intensity: 0.269233
Bloom_threshold: 0.0
Cap_FPS: true
Borderless_fullscreen: true
Do_Shadows: true
Do_Bloom: true
Do_SSR: false
