Position: 0.5061263466232049 1.583042910300719 -4.919622954457509
Rotation: 0.03579620790225668 -175.9849973814562 0.0
Max_FPS: 240
FOV: 100.28794
Exposure: 6.140832
Gamma: 0.23315802
Do_SSAO: true
SSAO_Radius: 2.42684
SSAO_Bias: 0.0
Bloom_radius: 0.0
Bloom_intensity: 0.490474
Bloom_threshold: 0.0
Cap_FPS: true
Borderless_fullscreen: true
