Position: 10.006403480617138 3.721641094075494 1.943428152838969
Rotation: 0.06920379673572974 -208.9197674994357 0.0
Max_FPS: 240
FOV: 100.0
Exposure: 6.3074417
Gamma: 0.39999998
Do_SSAO: true
SSAO_Radius: 0.6
SSAO_Bias: 0.001
Bloom_radius: 1.0
Bloom_intensity: 10.0
Bloom_threshold: 0.5
Cap_FPS: false
Borderless_fullscreen: true
