Position: 11.471060238508272 2.3615899028163767 0.500723875540352
Rotation: -0.08920372737082438 -221.39000020828098 0.0
Max_FPS: 240
FOV: 102.002594
Exposure: 6.926726
Gamma: 0.59990853
Do_SSAO: true
SSAO_Radius: 1.3313518
SSAO_Bias: 0.0
Bloom_radius: 0.0
Bloom_intensity: 0.58811533
Bloom_threshold: 0.7847508
Cap_FPS: false
Borderless_fullscreen: true
