Position: 9.733719654043654 1.6378795808423092 2.354619124149103
Rotation: -0.16579621477541728 -208.92476749420166 0.0
Max_FPS: 240
FOV: 100.0
Exposure: 5.9259267
Gamma: 0.35270917
Do_SSAO: true
SSAO_Radius: 0.6
SSAO_Bias: 0.001
Bloom_radius: 1.0
Bloom_intensity: 10.0
Bloom_threshold: 0.5
Cap_FPS: false
Borderless_fullscreen: true
