Position: 0.9063121769572717 2.097374115117418 -4.8053693965546245
Rotation: 0.025796228614870742 -194.96995756588876 0.0
Max_FPS: 240
FOV: 100.28794
Exposure: 9.427297
Gamma: 0.14742415
Do_SSAO: true
SSAO_Radius: 0.59785074
SSAO_Bias: 0.0
Bloom_radius: 0.0
Bloom_intensity: 0.47142202
Bloom_threshold: 0.0
Cap_FPS: true
Borderless_fullscreen: true
