Position: 8.019467539931412 2.0288002433162546 0.63413740114418
Rotation: -0.0992036708022912 -215.0949997836724 0.0
Max_FPS: 240
FOV: 102.002594
Exposure: 10.999084
Gamma: 0.242684
Do_SSAO: true
SSAO_Radius: 1.6171312
SSAO_Bias: 0.0
Bloom_radius: 0.0
Bloom_intensity: 0.5452484
Bloom_threshold: 0.0
Cap_FPS: false
Borderless_fullscreen: true
