Position: 0.3952200114399602 1.6411238182117813 -5.642146500100125
Rotation: 0.030796221518192723 -176.05499737337232 0.0
Max_FPS: 240
FOV: 100.28794
Exposure: 8.284179
Gamma: 0.23315802
Do_SSAO: true
SSAO_Radius: 2.42684
SSAO_Bias: 0.0
Bloom_radius: 0.0
Bloom_intensity: 0.42617357
Bloom_threshold: 0.0
Cap_FPS: true
Borderless_fullscreen: true
