Position: 7.643354298710619 2.13833818025887 -5.242956570116803
Rotation: 0.05042520351707935 -0.8434548005461693 0.0
Max_FPS: 240
FOV: 100.0
Exposure: 0.8000001
Gamma: 0.9499999
Do_SSAO: true
SSAO_Radius: 0.6
SSAO_Bias: 0.001
Bloom_radius: 1.0
Bloom_intensity: 0.5
Bloom_threshold: 1.0
